1 2,1 3,2 4,3
2 1,1 5,2 6,4 7,6
3 1,2 8,3 9,6 10,9
4 1,4 11,4 12,8 13,12
5 2,2 14,5 15,10 16,15
6 2,4 17,6 18,12 19,18
7 2,6 20,7 21,14 22,21
8 3,3 23,8 24,16 25,24
9 3,6 26,9 27,18 28,27
10 3,9 29,10 30,20 31,30
11 4,4 32,11 33,22 34,33
12 4,8 35,12 36,24 37,36
13 4,12 38,13 39,26 40,39
14 5,5
15 5,10
16 5,15
17 6,6
18 6,12
19 6,18
20 7,7
21 7,14
22 7,21
23 8,8
24 8,16
25 8,24
26 9,9
27 9,18
28 9,27
29 10,10
30 10,20
31 10,30
32 11,11
33 11,22
34 11,33
35 12,12
36 12,24
37 12,36
38 13,13
39 13,26
40 13,39